function F = root5d(x,D,m1,m2,m3,a)


F(1) = 0.16418 * (x(1) + 26.3378) + 0.1288 * (x(2) + 19.6995) + 0.97875 * (x(3) + 157.0111);
F(2) = (0.1228 - a * m2)*(x(1)-D(1))-(0.16418 - a * m1)*(x(2)-D(2));
F(3) = (0.97875 - a * m3)*(x(2)-D(2))-(0.1228 - a * m2)*(x(3)-D(3));

end
